pdf:unmappedUnicodeCharsPerPage,0,0,0,0,0,0,0,0,0,0,0,0,0,0,0,0,0,0,0,0,0,0,0,0,0,0,0,0,0,0,0,0,0,0,0,0,0,0,0,0,0,0,0,0,0,0,0,0,0,0,0,0,0,0,0,0,0,0,0,0,0,0,0,0,0,0,0,0,0,0,0,0,0,0,0,0,0,0,0,0,0,0,0,0,0,0,0,0,0,0,0,0,0,0,0,0,0,0,0,0,0,0,0,0,0,0,0,0,0,0,0,0,0,0,0,0,0,0,0,0,0,0,0,0,0,0,0,0,0,0,0,0,0,0,0,0,0,0,0,0,0,0,0,0,0,0,0,0,0,0,0,0,0,0,0,0,0,0,0,0,0,0,0,0,0,0,0,0,0,0,0,0,0,0,0,0,0,0,0,0,0,0,0,0,0,0,0,0,0,0,0,0,0,0,0,0,0,0,0,0,0,0,0,0,0,0,0,0,0,0,0,0,0,0,0,0,0,0,0,0,0,0,0,0,0,0,0,0,0,0,0,0,0,0,0,0,0,0,0,0,0,0,0,0,0,0,0,0,0,0,0,0,0,0,0,0,0,0,0,0,0,0,0,0,0,0,0,0,0,0,0,0,0,0,0,0,0,0,0,0,0,0,0,0,0,0,0,0,0,0,0,0,0,0,0,0,0,0,0,0,0,0,0,0,0,0,0,0,0,0,0,0,0,0,0,0,0,0,0,0,0,0,0,0,0,0,0,0,0,0,0,0,0,0,0,0,0,0,0,0,0,0,0,0,0,0,0,0,0,0,0,0,0,0,0,0,0,0,0,0,0,0,0,0,0,0,0,0,0,0,0,0,0,0,0,0,0,0,0,0,0,0,0,0,0,0,0,0,0,0,0,0,0,0,0,0,0,0,0,0,0,0,0,0,0,0,0,0,0,0,0,0,0,0,0,0,0,0,0,0,0,0,0,0,0,0,0,0,0,0,0,0,0,0,0,0,0,0,0,0,0,0,0,0,0,0,0,0,0,0,0,0,0,0,0,0,0,0,0,0,0,0,0,0,0,0,0,0,0,0,0,0,0,0,0,0,0,0,0,0,0,0,0,0,0,0,0,0,0,0,0,0,0,0,0
pdf:PDFVersion,1.5
pdf:hasXFA,false
access_permission:modify_annotations,true
access_permission:can_print_degraded,true
dcterms:created,1601-01-01T00:00:00Z
dcterms:modified,1601-01-01T00:00:00Z
dc:format,application/pdf; version=1.5
access_permission:fill_in_form,true
pdf:docinfo:modified,1601-01-01T00:00:00Z
pdf:hasCollection,false
pdf:encrypted,false
pdf:hasMarkedContent,false
Content-Type,application/pdf
pdf:producer,ABBYY FineReader 11
access_permission:extract_for_accessibility,true
access_permission:assemble_document,true
xmpTPg:NPages,495
pdf:hasXMP,false
pdf:charsPerPage,17,0,157,716,8,0,365,283,2171,2909,2929,373,587,1050,716,0,16,0,2070,1950,1196,2017,1150,920,868,1196,1159,613,861,750,1305,658,1242,1002,1107,803,1108,1252,1228,1375,889,1210,1048,1273,1250,1466,1120,713,1275,1048,1357,1405,1521,652,1089,1320,2042,1032,916,673,1070,1111,1414,593,890,1323,1434,0,821,797,2357,925,1048,819,798,0,1284,1554,960,2158,1253,1136,1278,1402,1449,933,1273,909,1618,929,855,1019,1316,1392,907,922,747,0,857,1032,844,831,854,1310,317,0,47,0,1843,1309,1521,1961,1287,1464,1369,1348,1545,1849,27,0,1902,1878,745,1011,2096,1500,1121,991,931,827,1126,907,1029,1185,1217,1125,2199,2086,1313,1625,1384,1064,1073,823,837,1686,902,761,306,1770,815,775,1255,882,1147,711,1134,895,1265,1320,1413,1418,1163,969,1368,1229,1442,834,1046,806,1293,1262,1349,1724,955,703,676,1306,1289,796,1034,1230,1549,1411,1059,1953,1243,1084,988,1802,1787,963,998,1524,1528,796,1407,1074,988,1844,1148,0,29,0,1007,0,571,803,673,1434,1011,1552,795,1340,684,1518,1016,1303,1605,536,1650,1155,1353,1748,707,1097,1051,0,909,385,592,932,1178,1067,987,952,1363,1114,1492,1319,2263,1786,2089,668,632,1415,1030,1163,1075,1156,1526,1477,1385,700,1098,1537,1164,897,741,725,2031,1232,701,0,765,582,1248,679,1038,653,1017,791,484,1178,640,759,1089,1020,1602,906,884,997,575,1291,679,1771,1043,892,739,1012,1107,1422,1438,623,887,915,727,598,817,305,1019,860,858,1364,901,1498,1086,585,587,612,610,1411,1142,1391,382,707,453,682,546,411,905,739,1142,1290,623,1004,23,0,893,1658,1320,1080,1099,1065,1659,1346,1375,1818,1939,1473,1493,920,1219,1641,965,846,829,684,1074,720,637,938,1306,1055,1193,1143,1313,1450,901,0,1420,1179,617,1015,1716,1261,1085,985,1654,1044,1207,1159,764,1528,1103,716,1036,1496,1402,1732,1172,1138,937,911,1351,1279,1878,778,1083,860,1158,1151,1339,1254,1036,952,1311,985,1108,1114,1353,780,844,1530,1002,620,1155,1142,635,1022,795,926,1027,1249,903,0,692,989,1033,706,660,835,1529,855,628,862,1027,1487,1566,963,1466,1263,717,1195,1331,1373,830,1011,776,1439,1208,817,5,0,1134,1496,308,0,29,0,1128,1773,1299,1725,1553,1609,1674,2045,301,1188,707,1657,1815,1137,1407,1422,760,1376,1113,1751,1286,506,444,1619,546,166,864,386,1106,1010,175,386,419,502,882,2154,1424,967,1014,967,1300,294,0,0,2540
access_permission:extract_content,true
access_permission:can_print,true
X-TIKA:Parsed-By,org.apache.tika.parser.DefaultParser,org.apache.tika.parser.pdf.PDFParser
access_permission:can_modify,true
pdf:docinfo:producer,ABBYY FineReader 11
pdf:docinfo:created,1601-01-01T00:00:00Z
